data.__dict__
{'edge_index': tensor([[  0,   0,   0,  ..., 104, 104, 104],
        [  9,   1,   2,  ..., 102,  93, 103]], device='cuda:0'), 'pos': tensor([[ 1.9870, -0.9721, -0.3673],
        [ 0.9022,  1.0964, -1.5637],
        [ 2.5249, -0.5562, -1.5650],
        [ 1.9450,  0.4937, -2.2328],
        [-3.0503,  1.8442,  0.2200],
        [ 0.9897, -0.3087,  0.3823],
        [ 0.3604,  0.7340, -0.3565],
        [ 0.6301, -2.3840,  1.5062],
        [-2.1294, -0.2790, -0.4796],
        [-0.5975, -0.5648,  2.1867],
        [ 0.3300, -1.2389,  1.4652],
        [-2.0361,  0.8749, -0.1113],
        [-0.6956,  1.4255,  0.1037],
        [-0.8974, -1.2703,  2.7826],
        [ 2.4356, -1.8267,  0.1516],
        [ 0.3541,  1.8896, -2.1585],
        [ 3.2519, -1.1618, -2.0995],
        [ 2.1628,  1.0117, -3.1316],
        [-2.9862,  2.8013, -0.2633],
        [-4.0048,  1.5651, -0.1387],
        [-3.0643,  2.1723,  1.3748],
        [ 1.7277, -1.4007, -0.5872],
        [ 0.9816,  1.2548, -1.4786],
        [ 2.3004, -0.7997, -1.6647],
        [ 1.9645,  0.4884, -2.1416],
        [-2.8580,  2.0709,  0.6530],
        [ 0.8762, -0.6182,  0.2585],
        [ 0.4388,  0.5752, -0.3619],
        [ 1.1160, -1.5567,  2.4027],
        [-2.2565,  0.4487, -1.1062],
        [-0.9339, -1.5579,  1.5908],
        [ 0.3715, -1.3121,  1.4690],
        [-2.0258,  1.2083, -0.2007],
        [-0.6106,  1.3186,  0.2885],
        [-1.1257, -1.8506,  2.5313],
        [ 2.0010, -2.4852, -0.4158],
        [ 0.5630,  2.2378, -1.8234],
        [ 3.1178, -1.3302, -2.1381],
        [ 2.4345,  0.7037, -3.1363],
        [-2.7885,  1.7639,  1.7269],
        [-2.6748,  3.1321,  0.7852],
        [-3.8834,  1.7473,  0.3390],
        [ 1.8741, -1.2076, -0.3733],
        [ 1.1878,  1.4154, -1.1876],
        [ 2.6722, -0.5716, -1.3261],
        [ 2.3905,  0.7196, -1.6982],
        [-3.0944,  1.7671,  0.3529],
        [ 0.7429, -0.5206,  0.2909],
        [ 0.3928,  0.7207, -0.1856],
        [-1.2342, -1.2105,  1.5214],
        [-1.9637,  0.2813, -1.2091],
        [ 0.7353, -2.3393,  1.8475],
        [-0.0577, -1.3225,  1.2601],
        [-1.8845,  1.1058, -0.2789],
        [-0.6978,  1.4680,  0.2904],
        [ 0.0572, -2.8928,  2.2979],
        [ 2.3041, -2.2636, -0.1182],
        [ 0.9102,  2.4291, -1.1464],
        [ 3.6107, -0.9937, -1.7013],
        [ 2.9830,  1.3702, -2.3884],
        [-3.1632,  2.8630,  0.0101],
        [-3.9823,  1.1582,  0.1256],
        [-2.8513,  1.8264,  1.4901],
        [ 2.1724, -1.1091, -0.2874],
        [ 0.6844,  0.8376, -1.6976],
        [ 2.6860, -0.6143, -1.4454],
        [ 1.9217,  0.3171, -2.1448],
        [-2.8327,  1.8635,  0.8523],
        [ 0.9807, -0.6409,  0.2304],
        [ 0.2556,  0.3381, -0.4330],
        [ 0.9908, -2.1530,  2.1632],
        [-2.4691,  1.2274, -1.3833],
        [-0.8243, -0.9993,  1.8066],
        [ 0.4377, -1.2938,  1.4611],
        [-2.0352,  1.2622, -0.2203],
        [-0.8203,  0.9713,  0.2407],
        [-0.8848, -1.5133,  2.6096],
        [ 2.5770, -2.0286,  0.1184],
        [ 0.0819,  1.6477, -2.2371],
        [ 3.6512, -0.9384, -1.7571],
        [ 2.2444,  0.6505, -3.1570],
        [-3.8397,  1.8312,  0.5713],
        [-2.8148,  1.2518,  1.7711],
        [-2.3008,  2.7985,  1.0850],
        [ 1.8677, -1.1708, -0.4586],
        [ 0.8691,  1.1765, -1.4527],
        [ 2.1450, -0.7607, -1.8329],
        [ 1.7496,  0.4770, -2.3024],
        [-3.0363,  1.9033,  0.3895],
        [ 0.9295, -0.4551,  0.2745],
        [ 0.2607,  0.6580, -0.3233],
        [ 1.4452, -1.8718,  2.1439],
        [-2.2911,  0.1425, -1.0847],
        [-0.6289, -1.1210,  2.2028],
        [ 0.6103, -1.1081,  1.6163],
        [-2.1089,  0.9907, -0.3315],
        [-0.8333,  1.3160,  0.2446],
        [-0.4973, -1.8749,  2.7633],
        [ 2.2062, -2.0683, -0.0462],
        [ 0.4578,  2.1409, -1.7712],
        [ 2.7480, -1.3795, -2.4888],
        [ 2.3067,  0.9197, -3.1443],
        [-4.0003,  1.8115, -0.0887],
        [-3.0984,  1.5485,  1.3594],
        [-2.6249,  2.8838,  0.4052]], device='cuda:0', requires_grad=True), 'batch': tensor([0, 0, 0, 0, 0, 0, 0, 0, 0, 0, 0, 0, 0, 0, 0, 0, 0, 0, 0, 0, 0, 1, 1, 1,
        1, 1, 1, 1, 1, 1, 1, 1, 1, 1, 1, 1, 1, 1, 1, 1, 1, 1, 2, 2, 2, 2, 2, 2,
        2, 2, 2, 2, 2, 2, 2, 2, 2, 2, 2, 2, 2, 2, 2, 3, 3, 3, 3, 3, 3, 3, 3, 3,
        3, 3, 3, 3, 3, 3, 3, 3, 3, 3, 3, 3, 4, 4, 4, 4, 4, 4, 4, 4, 4, 4, 4, 4,
        4, 4, 4, 4, 4, 4, 4, 4, 4], device='cuda:0'), 'ptr': tensor([  0,  21,  42,  63,  84, 105], device='cuda:0'), 'edge_cell_shift': tensor([[0., 0., 0.],
        [0., 0., 0.],
        [0., 0., 0.],
        ...,
        [0., 0., 0.],
        [0., 0., 0.],
        [0., 0., 0.]], device='cuda:0'), 'pbc': tensor([[False, False, False],
        [False, False, False],
        [False, False, False],
        [False, False, False],
        [False, False, False]], device='cuda:0'), 'cell': tensor([[[0., 0., 0.],
         [0., 0., 0.],
         [0., 0., 0.]],

        [[0., 0., 0.],
         [0., 0., 0.],
         [0., 0., 0.]],

        [[0., 0., 0.],
         [0., 0., 0.],
         [0., 0., 0.]],

        [[0., 0., 0.],
         [0., 0., 0.],
         [0., 0., 0.]],

        [[0., 0., 0.],
         [0., 0., 0.],
         [0., 0., 0.]]], device='cuda:0'), 'r_max': tensor([6., 6., 6., 6., 6.], device='cuda:0'), 'atom_types': tensor([[1],
        [1],
        [1],
        [1],
        [1],
        [1],
        [1],
        [2],
        [2],
        [2],
        [1],
        [1],
        [2],
        [0],
        [0],
        [0],
        [0],
        [0],
        [0],
        [0],
        [0],
        [1],
        [1],
        [1],
        [1],
        [1],
        [1],
        [1],
        [2],
        [2],
        [2],
        [1],
        [1],
        [2],
        [0],
        [0],
        [0],
        [0],
        [0],
        [0],
        [0],
        [0],
        [1],
        [1],
        [1],
        [1],
        [1],
        [1],
        [1],
        [2],
        [2],
        [2],
        [1],
        [1],
        [2],
        [0],
        [0],
        [0],
        [0],
        [0],
        [0],
        [0],
        [0],
        [1],
        [1],
        [1],
        [1],
        [1],
        [1],
        [1],
        [2],
        [2],
        [2],
        [1],
        [1],
        [2],
        [0],
        [0],
        [0],
        [0],
        [0],
        [0],
        [0],
        [0],
        [1],
        [1],
        [1],
        [1],
        [1],
        [1],
        [1],
        [2],
        [2],
        [2],
        [1],
        [1],
        [2],
        [0],
        [0],
        [0],
        [0],
        [0],
        [0],
        [0],
        [0]], device='cuda:0'), 'node_attrs': tensor([[0., 1., 0.],
        [0., 1., 0.],
        [0., 1., 0.],
        [0., 1., 0.],
        [0., 1., 0.],
        [0., 1., 0.],
        [0., 1., 0.],
        [0., 0., 1.],
        [0., 0., 1.],
        [0., 0., 1.],
        [0., 1., 0.],
        [0., 1., 0.],
        [0., 0., 1.],
        [1., 0., 0.],
        [1., 0., 0.],
        [1., 0., 0.],
        [1., 0., 0.],
        [1., 0., 0.],
        [1., 0., 0.],
        [1., 0., 0.],
        [1., 0., 0.],
        [0., 1., 0.],
        [0., 1., 0.],
        [0., 1., 0.],
        [0., 1., 0.],
        [0., 1., 0.],
        [0., 1., 0.],
        [0., 1., 0.],
        [0., 0., 1.],
        [0., 0., 1.],
        [0., 0., 1.],
        [0., 1., 0.],
        [0., 1., 0.],
        [0., 0., 1.],
        [1., 0., 0.],
        [1., 0., 0.],
        [1., 0., 0.],
        [1., 0., 0.],
        [1., 0., 0.],
        [1., 0., 0.],
        [1., 0., 0.],
        [1., 0., 0.],
        [0., 1., 0.],
        [0., 1., 0.],
        [0., 1., 0.],
        [0., 1., 0.],
        [0., 1., 0.],
        [0., 1., 0.],
        [0., 1., 0.],
        [0., 0., 1.],
        [0., 0., 1.],
        [0., 0., 1.],
        [0., 1., 0.],
        [0., 1., 0.],
        [0., 0., 1.],
        [1., 0., 0.],
        [1., 0., 0.],
        [1., 0., 0.],
        [1., 0., 0.],
        [1., 0., 0.],
        [1., 0., 0.],
        [1., 0., 0.],
        [1., 0., 0.],
        [0., 1., 0.],
        [0., 1., 0.],
        [0., 1., 0.],
        [0., 1., 0.],
        [0., 1., 0.],
        [0., 1., 0.],
        [0., 1., 0.],
        [0., 0., 1.],
        [0., 0., 1.],
        [0., 0., 1.],
        [0., 1., 0.],
        [0., 1., 0.],
        [0., 0., 1.],
        [1., 0., 0.],
        [1., 0., 0.],
        [1., 0., 0.],
        [1., 0., 0.],
        [1., 0., 0.],
        [1., 0., 0.],
        [1., 0., 0.],
        [1., 0., 0.],
        [0., 1., 0.],
        [0., 1., 0.],
        [0., 1., 0.],
        [0., 1., 0.],
        [0., 1., 0.],
        [0., 1., 0.],
        [0., 1., 0.],
        [0., 0., 1.],
        [0., 0., 1.],
        [0., 0., 1.],
        [0., 1., 0.],
        [0., 1., 0.],
        [0., 0., 1.],
        [1., 0., 0.],
        [1., 0., 0.],
        [1., 0., 0.],
        [1., 0., 0.],
        [1., 0., 0.],
        [1., 0., 0.],
        [1., 0., 0.],
        [1., 0., 0.]], device='cuda:0'), 'node_features': tensor([[0., 1., 0.],
        [0., 1., 0.],
        [0., 1., 0.],
        [0., 1., 0.],
        [0., 1., 0.],
        [0., 1., 0.],
        [0., 1., 0.],
        [0., 0., 1.],
        [0., 0., 1.],
        [0., 0., 1.],
        [0., 1., 0.],
        [0., 1., 0.],
        [0., 0., 1.],
        [1., 0., 0.],
        [1., 0., 0.],
        [1., 0., 0.],
        [1., 0., 0.],
        [1., 0., 0.],
        [1., 0., 0.],
        [1., 0., 0.],
        [1., 0., 0.],
        [0., 1., 0.],
        [0., 1., 0.],
        [0., 1., 0.],
        [0., 1., 0.],
        [0., 1., 0.],
        [0., 1., 0.],
        [0., 1., 0.],
        [0., 0., 1.],
        [0., 0., 1.],
        [0., 0., 1.],
        [0., 1., 0.],
        [0., 1., 0.],
        [0., 0., 1.],
        [1., 0., 0.],
        [1., 0., 0.],
        [1., 0., 0.],
        [1., 0., 0.],
        [1., 0., 0.],
        [1., 0., 0.],
        [1., 0., 0.],
        [1., 0., 0.],
        [0., 1., 0.],
        [0., 1., 0.],
        [0., 1., 0.],
        [0., 1., 0.],
        [0., 1., 0.],
        [0., 1., 0.],
        [0., 1., 0.],
        [0., 0., 1.],
        [0., 0., 1.],
        [0., 0., 1.],
        [0., 1., 0.],
        [0., 1., 0.],
        [0., 0., 1.],
        [1., 0., 0.],
        [1., 0., 0.],
        [1., 0., 0.],
        [1., 0., 0.],
        [1., 0., 0.],
        [1., 0., 0.],
        [1., 0., 0.],
        [1., 0., 0.],
        [0., 1., 0.],
        [0., 1., 0.],
        [0., 1., 0.],
        [0., 1., 0.],
        [0., 1., 0.],
        [0., 1., 0.],
        [0., 1., 0.],
        [0., 0., 1.],
        [0., 0., 1.],
        [0., 0., 1.],
        [0., 1., 0.],
        [0., 1., 0.],
        [0., 0., 1.],
        [1., 0., 0.],
        [1., 0., 0.],
        [1., 0., 0.],
        [1., 0., 0.],
        [1., 0., 0.],
        [1., 0., 0.],
        [1., 0., 0.],
        [1., 0., 0.],
        [0., 1., 0.],
        [0., 1., 0.],
        [0., 1., 0.],
        [0., 1., 0.],
        [0., 1., 0.],
        [0., 1., 0.],
        [0., 1., 0.],
        [0., 0., 1.],
        [0., 0., 1.],
        [0., 0., 1.],
        [0., 1., 0.],
        [0., 1., 0.],
        [0., 0., 1.],
        [1., 0., 0.],
        [1., 0., 0.],
        [1., 0., 0.],
        [1., 0., 0.],
        [1., 0., 0.],
        [1., 0., 0.],
        [1., 0., 0.],
        [1., 0., 0.]], device='cuda:0'), 'edge_vectors': tensor([[-2.5845,  0.4073,  2.5540],
        [-1.0848,  2.0685, -1.1964],
        [ 0.5379,  0.4159, -1.1978],
        ...,
        [-1.3754, -1.0724, -0.4939],
        [ 1.9961, -4.0049,  1.7976],
        [-0.4735, -1.3353,  0.9541]], device='cuda:0', grad_fn=<AddBackward0>), 'edge_lengths': tensor([3.6563, 2.6243, 1.3773,  ..., 1.8126, 4.8223, 1.7081], device='cuda:0',
       grad_fn=<CopyBackwards>), 'edge_embedding': tensor([[-0.2011, -0.6022, -0.4934,  ..., -0.3806, -0.0471, -0.0990],
        [ 0.3559, -0.1840, -0.9724,  ...,  0.1067, -0.3383, -0.5820],
        [ 1.0090,  1.0670,  0.5706,  ..., -1.0702, -1.0194, -0.6052],
        ...,
        [ 0.8188,  0.6253, -0.2079,  ..., -0.6405, -0.0786,  0.2729],
        [-0.2179, -0.1862, -0.0275,  ..., -0.0323, -0.0961, -0.0101],
        [ 0.8688,  0.7352, -0.0347,  ..., -0.8247, -0.2996,  0.1903]],
       device='cuda:0', grad_fn=<MulBackward0>), 'edge_attrs': tensor([[ 1.0000, -1.2243,  0.1929,  ..., -1.0764,  0.3014, -0.0227],
        [ 1.0000, -0.7160,  1.3652,  ...,  0.9658, -1.3917,  0.0716],
        [ 1.0000,  0.6764,  0.5230,  ..., -0.8122, -1.0171,  1.1693],
        ...,
        [ 1.0000, -1.3142, -1.0247,  ...,  0.0559,  0.6244, -0.9711],
        [ 1.0000,  0.7169, -1.4384,  ...,  1.1953, -1.1990, -0.0627],
        [ 1.0000, -0.4802, -1.3540,  ...,  0.9317, -1.6912,  0.4554]],
       device='cuda:0', grad_fn=<MulBackward0>), 'edge_features': tensor([[ 0.0798,  0.1723,  0.0339,  ..., -0.0795, -0.2805,  0.0798],
        [ 0.4192,  0.2342, -0.0203,  ...,  0.3733, -0.3165,  0.3748],
        [-0.0676,  0.1318, -0.2598,  ...,  0.9660,  0.3277, -0.5357],
        ...,
        [ 0.0970,  0.3791,  0.0039,  ...,  0.0027,  0.1746, -0.3437],
        [ 0.0031,  0.0025, -0.0149,  ..., -0.0231, -0.0123, -0.0481],
        [ 0.0783,  0.4285,  0.0479,  ...,  0.0564,  0.2577, -0.4111]],
       device='cuda:0', grad_fn=<IndexAddBackward0>), 'edge_energy': tensor([[ 0.0643],
        [ 0.0597],
        [-0.6115],
        ...,
        [-0.6445],
        [-0.0679],
        [-0.7294]], device='cuda:0', grad_fn=<MmBackward0>)}
(Pdb) data.keys
<built-in method keys of dict object at 0x2b4a5d827540>
(Pdb) data.keys()
dict_keys(['edge_index', 'pos', 'batch', 'ptr', 'edge_cell_shift', 'pbc', 'cell', 'r_max', 'atom_types', 'node_attrs', 'node_features', 'edge_vectors', 'edge_lengths', 'edge_embedding', 'edge_attrs', 'edge_features', 'edge_energy'])