        Batch(atom_types=[105, 1], batch=[105], cell=[5, 3, 3], edge_cell_shift=[1808, 3], edge_index=[2, 1808], forces=[105, 3], pbc=[5, 3], pos=[105, 3], ptr=[6], r_max=[5], total_energy=[5, 1])




(Pdb) batch.__dict__

        {'x': None, 'edge_index': tensor([[  0,   0,   0,  ..., 104, 104, 104],
        [  9,   1,   2,  ..., 102,  93, 103]]), 'edge_attr': None, 'y': None, 'pos': tensor([[ 1.9870, -0.9721, -0.3673],
        [ 0.9022,  1.0964, -1.5637],
        [ 2.5249, -0.5562, -1.5650],
        [ 1.9450,  0.4937, -2.2328],
        [-3.0503,  1.8442,  0.2200],
        [ 0.9897, -0.3087,  0.3823],
        [ 0.3604,  0.7340, -0.3565],
        [ 0.6301, -2.3840,  1.5062],
        [-2.1294, -0.2790, -0.4796],
        [-0.5975, -0.5648,  2.1867],
        [ 0.3300, -1.2389,  1.4652],
        [-2.0361,  0.8749, -0.1113],
        [-0.6956,  1.4255,  0.1037],
        [-0.8974, -1.2703,  2.7826],
        [ 2.4356, -1.8267,  0.1516],
        [ 0.3541,  1.8896, -2.1585],
        [ 3.2519, -1.1618, -2.0995],
        [ 2.1628,  1.0117, -3.1316],
        [-2.9862,  2.8013, -0.2633],
        [-4.0048,  1.5651, -0.1387],
        [-3.0643,  2.1723,  1.3748],
        [ 1.7277, -1.4007, -0.5872],
        [ 0.9816,  1.2548, -1.4786],
        [ 2.3004, -0.7997, -1.6647],
        [ 1.9645,  0.4884, -2.1416],
        [-2.8580,  2.0709,  0.6530],
        [ 0.8762, -0.6182,  0.2585],
        [ 0.4388,  0.5752, -0.3619],
        [ 1.1160, -1.5567,  2.4027],
        [-2.2565,  0.4487, -1.1062],
        [-0.9339, -1.5579,  1.5908],
        [ 0.3715, -1.3121,  1.4690],
        [-2.0258,  1.2083, -0.2007],
        [-0.6106,  1.3186,  0.2885],
        [-1.1257, -1.8506,  2.5313],
        [ 2.0010, -2.4852, -0.4158],
        [ 0.5630,  2.2378, -1.8234],
        [ 3.1178, -1.3302, -2.1381],
        [ 2.4345,  0.7037, -3.1363],
        [-2.7885,  1.7639,  1.7269],
        [-2.6748,  3.1321,  0.7852],
        [-3.8834,  1.7473,  0.3390],
        [ 1.8741, -1.2076, -0.3733],
        [ 1.1878,  1.4154, -1.1876],
        [ 2.6722, -0.5716, -1.3261],
        [ 2.3905,  0.7196, -1.6982],
        [-3.0944,  1.7671,  0.3529],
        [ 0.7429, -0.5206,  0.2909],
        [ 0.3928,  0.7207, -0.1856],
        [-1.2342, -1.2105,  1.5214],
        [-1.9637,  0.2813, -1.2091],
        [ 0.7353, -2.3393,  1.8475],
        [-0.0577, -1.3225,  1.2601],
        [-1.8845,  1.1058, -0.2789],
        [-0.6978,  1.4680,  0.2904],
        [ 0.0572, -2.8928,  2.2979],
        [ 2.3041, -2.2636, -0.1182],
        [ 0.9102,  2.4291, -1.1464],
        [ 3.6107, -0.9937, -1.7013],
        [ 2.9830,  1.3702, -2.3884],
        [-3.1632,  2.8630,  0.0101],
        [-3.9823,  1.1582,  0.1256],
        [-2.8513,  1.8264,  1.4901],
        [ 2.1724, -1.1091, -0.2874],
        [ 0.6844,  0.8376, -1.6976],
        [ 2.6860, -0.6143, -1.4454],
        [ 1.9217,  0.3171, -2.1448],
        [-2.8327,  1.8635,  0.8523],
        [ 0.9807, -0.6409,  0.2304],
        [ 0.2556,  0.3381, -0.4330],
        [ 0.9908, -2.1530,  2.1632],
        [-2.4691,  1.2274, -1.3833],
        [-0.8243, -0.9993,  1.8066],
        [ 0.4377, -1.2938,  1.4611],
        [-2.0352,  1.2622, -0.2203],
        [-0.8203,  0.9713,  0.2407],
        [-0.8848, -1.5133,  2.6096],
        [ 2.5770, -2.0286,  0.1184],
        [ 0.0819,  1.6477, -2.2371],
        [ 3.6512, -0.9384, -1.7571],
        [ 2.2444,  0.6505, -3.1570],
        [-3.8397,  1.8312,  0.5713],
        [-2.8148,  1.2518,  1.7711],
        [-2.3008,  2.7985,  1.0850],
        [ 1.8677, -1.1708, -0.4586],
        [ 0.8691,  1.1765, -1.4527],
        [ 2.1450, -0.7607, -1.8329],
        [ 1.7496,  0.4770, -2.3024],
        [-3.0363,  1.9033,  0.3895],
        [ 0.9295, -0.4551,  0.2745],
        [ 0.2607,  0.6580, -0.3233],
        [ 1.4452, -1.8718,  2.1439],
        [-2.2911,  0.1425, -1.0847],
        [-0.6289, -1.1210,  2.2028],
        [ 0.6103, -1.1081,  1.6163],
        [-2.1089,  0.9907, -0.3315],
        [-0.8333,  1.3160,  0.2446],
        [-0.4973, -1.8749,  2.7633],
        [ 2.2062, -2.0683, -0.0462],
        [ 0.4578,  2.1409, -1.7712],
        [ 2.7480, -1.3795, -2.4888],
        [ 2.3067,  0.9197, -3.1443],
        [-4.0003,  1.8115, -0.0887],
        [-3.0984,  1.5485,  1.3594],
        [-2.6249,  2.8838,  0.4052]]), 'normal': None, 'face': None, 'batch': tensor([0, 0, 0, 0, 0, 0, 0, 0, 0, 0, 0, 0, 0, 0, 0, 0, 0, 0, 0, 0, 0, 1, 1, 1,
        1, 1, 1, 1, 1, 1, 1, 1, 1, 1, 1, 1, 1, 1, 1, 1, 1, 1, 2, 2, 2, 2, 2, 2,
        2, 2, 2, 2, 2, 2, 2, 2, 2, 2, 2, 2, 2, 2, 2, 3, 3, 3, 3, 3, 3, 3, 3, 3,
        3, 3, 3, 3, 3, 3, 3, 3, 3, 3, 3, 3, 4, 4, 4, 4, 4, 4, 4, 4, 4, 4, 4, 4,
        4, 4, 4, 4, 4, 4, 4, 4, 4]), 'ptr': tensor([  0,  21,  42,  63,  84, 105]), '__data_class__': <class 'nequip.data.AtomicData.AtomicData'>, '__slices__': {'edge_cell_shift': [0, 364, 724, 1084, 1446, 1808], 'pos': [0, 21, 42, 63, 84, 105], 'total_energy': [0, 1, 2, 3, 4, 5], 'cell': [0, 1, 2, 3, 4, 5], 'r_max': [0, 1, 2, 3, 4, 5], 'pbc': [0, 1, 2, 3, 4, 5], 'edge_index': [0, 364, 724, 1084, 1446, 1808], 'atom_types': [0, 21, 42, 63, 84, 105], 'forces': [0, 21, 42, 63, 84, 105]}, '__cumsum__': {'edge_cell_shift': [0, 0, 0, 0, 0, 0], 'pos': [0, 0, 0, 0, 0, 0], 'total_energy': [0, 0, 0, 0, 0, 0], 'cell': [0, 0, 0, 0, 0, 0], 'r_max': [0, 0, 0, 0, 0, 0], 'pbc': [0, 0, 0, 0, 0, 0], 'edge_index': [0, 21, 42, 63, 84, 105], 'atom_types': [0, 0, 0, 0, 0, 0], 'forces': [0, 0, 0, 0, 0, 0]}, '__cat_dims__': {'edge_cell_shift': 0, 'pos': 0, 'total_energy': None, 'cell': None, 'r_max': 0, 'pbc': None, 'edge_index': 1, 'atom_types': 0, 'forces': 0}, '__num_nodes_list__': [21, 21, 21, 21, 21], '__num_graphs__': 5, 'edge_cell_shift': tensor([[0., 0., 0.],
        [0., 0., 0.],
        [0., 0., 0.],
        ...,
        [0., 0., 0.],
        [0., 0., 0.],
        [0., 0., 0.]]), 'total_energy': tensor([[-405684.9375],
        [-405682.6875],
        [-405691.5312],
        [-405695.0625],
        [-405687.4375]]), 'pbc': tensor([[False, False, False],
        [False, False, False],
        [False, False, False],
        [False, False, False],
        [False, False, False]]), 'cell': tensor([[[0., 0., 0.],
         [0., 0., 0.],
         [0., 0., 0.]],

        [[0., 0., 0.],
         [0., 0., 0.],
         [0., 0., 0.]],

        [[0., 0., 0.],
         [0., 0., 0.],
         [0., 0., 0.]],

        [[0., 0., 0.],
         [0., 0., 0.],
         [0., 0., 0.]],

        [[0., 0., 0.],
         [0., 0., 0.],
         [0., 0., 0.]]]), 'forces': tensor([[ 1.8453e+01, -1.3953e+01,  4.7722e+01],
        [-4.1818e+01,  5.7409e+01, -4.6219e+01],
        [ 2.1094e+01, -2.2606e+01, -2.8597e+01],
        [-2.0570e+01,  1.9172e+01,  2.9997e+01],
        [-2.1005e+01,  5.6610e+01,  7.3399e+01],
        [-2.5928e+01, -2.8715e+01, -2.6465e+01],
        [ 1.7449e+01, -3.5606e+01,  3.4839e+01],
        [-4.6423e+00, -4.1238e+01,  2.7142e+01],
        [-1.2360e+01,  3.6238e+01,  6.7533e+00],
        [ 1.0207e+01, -2.6329e+01,  6.9536e+00],
        [ 1.7930e+01,  9.1671e+01, -5.4152e+01],
        [ 9.3972e+01, -5.6090e+01, -9.9514e+00],
        [-7.5726e+01,  2.2835e+01,  1.0075e+01],
        [-1.1951e+01,  3.6320e+00,  7.8752e+00],
        [-9.7104e-01, -4.1166e+00, -7.3767e+00],
        [ 1.0089e+01, -1.2233e+01,  2.1523e+01],
        [ 1.2035e+01, -5.2611e+00,  6.0132e+00],
        [ 2.3255e+01, -5.9867e+00, -3.3123e+01],
        [ 2.6304e+01,  2.1307e+01, -1.5196e+01],
        [-3.6855e+01, -2.8661e+01,  2.3097e+00],
        [ 1.0377e+00, -2.8080e+01, -5.3521e+01],
        [-1.1964e-01, -1.8102e+01,  4.4922e+01],
        [ 1.0693e+01, -3.1168e+01, -9.6792e+00],
        [ 2.1025e+01,  1.7403e+01, -3.0190e+01],
        [ 4.5167e+00, -1.4626e+00, -2.2144e+01],
        [-4.9945e+01, -3.1264e+01,  3.1802e+01],
        [-8.0706e+00, -2.6339e+01, -6.6671e+01],
        [-5.5931e+01,  4.5024e+01,  4.0828e+01],
        [ 6.7766e+00, -4.2283e+00, -1.4455e+01],
        [-1.6376e+01,  2.3654e+01,  1.9521e+01],
        [-3.5065e+01, -2.4556e+00,  2.4804e+00],
        [ 7.6419e+00,  1.7292e+01,  6.0622e+01],
        [ 1.1321e+02, -3.0826e+01, -1.1133e+01],
        [-2.7347e+01, -6.1454e+00, -5.8289e+00],
        [ 1.8349e+01,  8.0410e+00, -3.2716e+01],
        [-7.3911e+00,  2.8534e+01,  1.0520e+01],
        [ 9.6844e+00, -2.2643e+01,  8.6720e+00],
        [ 1.0818e+00, -6.7053e+00, -1.5291e+01],
        [-8.1115e+00,  1.4767e+01,  2.0705e+01],
        [ 6.6888e+00, -1.1380e+01, -1.2333e+01],
        [ 4.8973e+00,  1.3122e+01, -2.4819e+01],
        [ 3.7937e+00,  2.4881e+01,  5.1873e+00],
        [ 7.9354e+00, -2.2203e+01,  2.8580e+01],
        [ 3.3527e+01, -1.0337e+02,  4.6821e+01],
        [ 6.5549e+00, -5.2664e+00,  5.9316e+00],
        [-6.5992e+01,  1.0539e+02, -4.6146e+00],
        [ 3.2545e+01,  3.2898e+01,  3.6970e+01],
        [ 4.0489e+01, -6.3606e+01, -2.5354e+01],
        [ 1.7853e+01,  4.6183e+01, -4.4837e+01],
        [ 9.6689e+00,  5.1069e+00, -2.3777e+00],
        [ 8.9829e+00,  4.9513e+01,  5.2617e+01],
        [-3.8605e+01,  2.2224e+01, -1.3352e+01],
        [ 1.3708e+01, -3.1525e+01,  2.0850e+01],
        [-2.3492e+01, -5.5972e+01, -5.8195e+01],
        [ 4.0519e+00, -1.0937e+01,  7.0540e+00],
        [ 1.2052e+01,  8.4176e+00, -3.1343e+00],
        [-3.5913e+01,  4.2630e+01,  3.1225e+00],
        [ 1.5309e+00,  4.2920e+01, -2.7581e+01],
        [-5.8687e+00, -1.0595e+01,  1.7466e-01],
        [ 7.8475e-01, -2.1214e+01,  8.5818e+00],
        [-3.3053e+00, -3.3043e+01,  4.9876e+00],
        [ 5.9680e-01,  7.2021e+00,  1.1097e+00],
        [-1.7104e+01, -4.7574e+00, -3.7353e+01],
        [-1.3028e+00, -3.4622e+01,  1.6113e+01],
        [-4.3883e+00, -7.8744e-02,  1.4149e+01],
        [-7.9401e+00,  1.9137e+01, -1.3006e+01],
        [-1.1702e+01,  3.1790e+01, -4.4910e+01],
        [ 3.2306e+01, -1.6772e+01,  4.8563e+01],
        [-3.2678e+01, -7.2603e+00,  3.1433e+01],
        [-2.7882e+01,  5.1229e+01, -2.9909e+01],
        [ 1.0220e+01,  3.0522e+01, -3.5025e+01],
        [ 3.9565e+01, -1.4869e+01,  4.4845e+01],
        [-6.2473e+00,  2.3654e+01, -1.8066e+01],
        [ 9.5627e+00, -4.7683e+01,  3.6111e+01],
        [-3.5712e+01,  5.1662e+00, -8.4182e+01],
        [ 4.5038e+01, -2.2242e+01,  3.4971e+00],
        [-1.1089e+01, -1.1767e+01,  1.7480e+01],
        [ 1.0826e+01,  4.8796e-01,  1.6626e+01],
        [ 2.1785e+01, -3.0783e+01,  1.5459e+01],
        [ 1.9249e+01, -8.4756e+00, -1.7515e+01],
        [ 2.6272e+00, -1.5166e+00,  1.3726e+01],
        [-4.5587e+01,  2.4550e+01, -1.8313e+01],
        [ 1.1546e+01, -1.0555e+00,  9.1400e-01],
        [-1.8195e+01,  1.0588e+01,  2.0110e+00],
        [-1.7124e+01,  4.3274e+01, -7.6033e+01],
        [-2.7836e+01,  3.3733e+01, -3.2819e+01],
        [ 1.3614e+01, -2.7408e+01,  4.2673e+01],
        [ 1.0594e+01,  6.6571e+00,  2.9227e+01],
        [-1.2186e+01, -9.9889e+00, -5.3564e+01],
        [-4.2505e+01,  3.5266e+00,  2.6821e+01],
        [ 1.7709e+01, -1.4426e+01,  1.8981e+01],
        [-2.2830e+01,  3.8750e+01, -2.6230e+01],
        [-1.5684e+01, -7.5869e+01, -7.5775e+01],
        [ 6.9944e+00,  4.2972e+01, -4.8616e+01],
        [ 2.9076e+01, -5.9008e+01,  2.7689e+01],
        [ 4.9652e+01,  7.5805e+01,  9.1441e+01],
        [ 1.3212e+01, -1.5629e+01, -1.4855e+01],
        [-2.6112e+00, -1.8725e+01,  2.6419e+01],
        [ 2.2952e+01, -3.6628e+01,  1.3577e+01],
        [ 2.3302e+00,  2.8062e+00, -3.6675e+00],
        [ 9.9291e+00, -8.7586e+00,  1.7627e+00],
        [-1.9012e+01, -1.4934e-01, -2.3225e+00],
        [-1.7354e+01,  8.4856e+00, -4.9396e+00],
        [-4.5504e+00, -1.9760e+01,  6.1888e+01],
        [ 5.6307e+00,  3.0340e+01, -1.6595e+00]]), 'r_max': tensor([6., 6., 6., 6., 6.]), 'atom_types': tensor([[1],
        [1],
        [1],
        [1],
        [1],
        [1],
        [1],
        [2],
        [2],
        [2],
        [1],
        [1],
        [2],
        [0],
        [0],
        [0],
        [0],
        [0],
        [0],
        [0],
        [0],
        [1],
        [1],
        [1],
        [1],
        [1],
        [1],
        [1],
        [2],
        [2],
        [2],
        [1],
        [1],
        [2],
        [0],
        [0],
        [0],
        [0],
        [0],
        [0],
        [0],
        [0],
        [1],
        [1],
        [1],
        [1],
        [1],
        [1],
        [1],
        [2],
        [2],
        [2],
        [1],
        [1],
        [2],
        [0],
        [0],
        [0],
        [0],
        [0],
        [0],
        [0],
        [0],
        [1],
        [1],
        [1],
        [1],
        [1],
        [1],
        [1],
        [2],
        [2],
        [2],
        [1],
        [1],
        [2],
        [0],
        [0],
        [0],
        [0],
        [0],
        [0],
        [0],
        [0],
        [1],
        [1],
        [1],
        [1],
        [1],
        [1],
        [1],
        [2],
        [2],
        [2],
        [1],
        [1],
        [2],
        [0],
        [0],
        [0],
        [0],
        [0],
        [0],
        [0],
        [0]])}







(Pdb)  AtomicData.to_AtomicDataDict(batch)
{'edge_index': tensor([[  0,   0,   0,  ..., 104, 104, 104],
        [  9,   1,   2,  ..., 102,  93, 103]]), 'pos': tensor([[ 1.9870, -0.9721, -0.3673],
        [ 0.9022,  1.0964, -1.5637],
        [ 2.5249, -0.5562, -1.5650],
        [ 1.9450,  0.4937, -2.2328],
        [-3.0503,  1.8442,  0.2200],
        [ 0.9897, -0.3087,  0.3823],
        [ 0.3604,  0.7340, -0.3565],
        [ 0.6301, -2.3840,  1.5062],
        [-2.1294, -0.2790, -0.4796],
        [-0.5975, -0.5648,  2.1867],
        [ 0.3300, -1.2389,  1.4652],
        [-2.0361,  0.8749, -0.1113],
        [-0.6956,  1.4255,  0.1037],
        [-0.8974, -1.2703,  2.7826],
        [ 2.4356, -1.8267,  0.1516],
        [ 0.3541,  1.8896, -2.1585],
        [ 3.2519, -1.1618, -2.0995],
        [ 2.1628,  1.0117, -3.1316],
        [-2.9862,  2.8013, -0.2633],
        [-4.0048,  1.5651, -0.1387],
        [-3.0643,  2.1723,  1.3748],
        [ 1.7277, -1.4007, -0.5872],
        [ 0.9816,  1.2548, -1.4786],
        [ 2.3004, -0.7997, -1.6647],
        [ 1.9645,  0.4884, -2.1416],
        [-2.8580,  2.0709,  0.6530],
        [ 0.8762, -0.6182,  0.2585],
        [ 0.4388,  0.5752, -0.3619],
        [ 1.1160, -1.5567,  2.4027],
        [-2.2565,  0.4487, -1.1062],
        [-0.9339, -1.5579,  1.5908],
        [ 0.3715, -1.3121,  1.4690],
        [-2.0258,  1.2083, -0.2007],
        [-0.6106,  1.3186,  0.2885],
        [-1.1257, -1.8506,  2.5313],
        [ 2.0010, -2.4852, -0.4158],
        [ 0.5630,  2.2378, -1.8234],
        [ 3.1178, -1.3302, -2.1381],
        [ 2.4345,  0.7037, -3.1363],
        [-2.7885,  1.7639,  1.7269],
        [-2.6748,  3.1321,  0.7852],
        [-3.8834,  1.7473,  0.3390],
        [ 1.8741, -1.2076, -0.3733],
        [ 1.1878,  1.4154, -1.1876],
        [ 2.6722, -0.5716, -1.3261],
        [ 2.3905,  0.7196, -1.6982],
        [-3.0944,  1.7671,  0.3529],
        [ 0.7429, -0.5206,  0.2909],
        [ 0.3928,  0.7207, -0.1856],
        [-1.2342, -1.2105,  1.5214],
        [-1.9637,  0.2813, -1.2091],
        [ 0.7353, -2.3393,  1.8475],
        [-0.0577, -1.3225,  1.2601],
        [-1.8845,  1.1058, -0.2789],
        [-0.6978,  1.4680,  0.2904],
        [ 0.0572, -2.8928,  2.2979],
        [ 2.3041, -2.2636, -0.1182],
        [ 0.9102,  2.4291, -1.1464],
        [ 3.6107, -0.9937, -1.7013],
        [ 2.9830,  1.3702, -2.3884],
        [-3.1632,  2.8630,  0.0101],
        [-3.9823,  1.1582,  0.1256],
        [-2.8513,  1.8264,  1.4901],
        [ 2.1724, -1.1091, -0.2874],
        [ 0.6844,  0.8376, -1.6976],
        [ 2.6860, -0.6143, -1.4454],
        [ 1.9217,  0.3171, -2.1448],
        [-2.8327,  1.8635,  0.8523],
        [ 0.9807, -0.6409,  0.2304],
        [ 0.2556,  0.3381, -0.4330],
        [ 0.9908, -2.1530,  2.1632],
        [-2.4691,  1.2274, -1.3833],
        [-0.8243, -0.9993,  1.8066],
        [ 0.4377, -1.2938,  1.4611],
        [-2.0352,  1.2622, -0.2203],
        [-0.8203,  0.9713,  0.2407],
        [-0.8848, -1.5133,  2.6096],
        [ 2.5770, -2.0286,  0.1184],
        [ 0.0819,  1.6477, -2.2371],
        [ 3.6512, -0.9384, -1.7571],
        [ 2.2444,  0.6505, -3.1570],
        [-3.8397,  1.8312,  0.5713],
        [-2.8148,  1.2518,  1.7711],
        [-2.3008,  2.7985,  1.0850],
        [ 1.8677, -1.1708, -0.4586],
        [ 0.8691,  1.1765, -1.4527],
        [ 2.1450, -0.7607, -1.8329],
        [ 1.7496,  0.4770, -2.3024],
        [-3.0363,  1.9033,  0.3895],
        [ 0.9295, -0.4551,  0.2745],
        [ 0.2607,  0.6580, -0.3233],
        [ 1.4452, -1.8718,  2.1439],
        [-2.2911,  0.1425, -1.0847],
        [-0.6289, -1.1210,  2.2028],
        [ 0.6103, -1.1081,  1.6163],
        [-2.1089,  0.9907, -0.3315],
        [-0.8333,  1.3160,  0.2446],
        [-0.4973, -1.8749,  2.7633],
        [ 2.2062, -2.0683, -0.0462],
        [ 0.4578,  2.1409, -1.7712],
        [ 2.7480, -1.3795, -2.4888],
        [ 2.3067,  0.9197, -3.1443],
        [-4.0003,  1.8115, -0.0887],
        [-3.0984,  1.5485,  1.3594],
        [-2.6249,  2.8838,  0.4052]]), 'batch': tensor([0, 0, 0, 0, 0, 0, 0, 0, 0, 0, 0, 0, 0, 0, 0, 0, 0, 0, 0, 0, 0, 1, 1, 1,
        1, 1, 1, 1, 1, 1, 1, 1, 1, 1, 1, 1, 1, 1, 1, 1, 1, 1, 2, 2, 2, 2, 2, 2,
        2, 2, 2, 2, 2, 2, 2, 2, 2, 2, 2, 2, 2, 2, 2, 3, 3, 3, 3, 3, 3, 3, 3, 3,
        3, 3, 3, 3, 3, 3, 3, 3, 3, 3, 3, 3, 4, 4, 4, 4, 4, 4, 4, 4, 4, 4, 4, 4,
        4, 4, 4, 4, 4, 4, 4, 4, 4]), 'ptr': tensor([  0,  21,  42,  63,  84, 105]), 'edge_cell_shift': tensor([[0., 0., 0.],
        [0., 0., 0.],
        [0., 0., 0.],
        ...,
        [0., 0., 0.],
        [0., 0., 0.],
        [0., 0., 0.]]), 'total_energy': tensor([[-405684.9375],
        [-405682.6875],
        [-405691.5312],
        [-405695.0625],
        [-405687.4375]]), 'pbc': tensor([[False, False, False],
        [False, False, False],
        [False, False, False],
        [False, False, False],
        [False, False, False]]), 'cell': tensor([[[0., 0., 0.],
         [0., 0., 0.],
         [0., 0., 0.]],

        [[0., 0., 0.],
         [0., 0., 0.],
         [0., 0., 0.]],

        [[0., 0., 0.],
         [0., 0., 0.],
         [0., 0., 0.]],

        [[0., 0., 0.],
         [0., 0., 0.],
         [0., 0., 0.]],

        [[0., 0., 0.],
         [0., 0., 0.],
         [0., 0., 0.]]]), 'forces': tensor([[ 1.8453e+01, -1.3953e+01,  4.7722e+01],
        [-4.1818e+01,  5.7409e+01, -4.6219e+01],
        [ 2.1094e+01, -2.2606e+01, -2.8597e+01],
        [-2.0570e+01,  1.9172e+01,  2.9997e+01],
        [-2.1005e+01,  5.6610e+01,  7.3399e+01],
        [-2.5928e+01, -2.8715e+01, -2.6465e+01],
        [ 1.7449e+01, -3.5606e+01,  3.4839e+01],
        [-4.6423e+00, -4.1238e+01,  2.7142e+01],
        [-1.2360e+01,  3.6238e+01,  6.7533e+00],
        [ 1.0207e+01, -2.6329e+01,  6.9536e+00],
        [ 1.7930e+01,  9.1671e+01, -5.4152e+01],
        [ 9.3972e+01, -5.6090e+01, -9.9514e+00],
        [-7.5726e+01,  2.2835e+01,  1.0075e+01],
        [-1.1951e+01,  3.6320e+00,  7.8752e+00],
        [-9.7104e-01, -4.1166e+00, -7.3767e+00],
        [ 1.0089e+01, -1.2233e+01,  2.1523e+01],
        [ 1.2035e+01, -5.2611e+00,  6.0132e+00],
        [ 2.3255e+01, -5.9867e+00, -3.3123e+01],
        [ 2.6304e+01,  2.1307e+01, -1.5196e+01],
        [-3.6855e+01, -2.8661e+01,  2.3097e+00],
        [ 1.0377e+00, -2.8080e+01, -5.3521e+01],
        [-1.1964e-01, -1.8102e+01,  4.4922e+01],
        [ 1.0693e+01, -3.1168e+01, -9.6792e+00],
        [ 2.1025e+01,  1.7403e+01, -3.0190e+01],
        [ 4.5167e+00, -1.4626e+00, -2.2144e+01],
        [-4.9945e+01, -3.1264e+01,  3.1802e+01],
        [-8.0706e+00, -2.6339e+01, -6.6671e+01],
        [-5.5931e+01,  4.5024e+01,  4.0828e+01],
        [ 6.7766e+00, -4.2283e+00, -1.4455e+01],
        [-1.6376e+01,  2.3654e+01,  1.9521e+01],
        [-3.5065e+01, -2.4556e+00,  2.4804e+00],
        [ 7.6419e+00,  1.7292e+01,  6.0622e+01],
        [ 1.1321e+02, -3.0826e+01, -1.1133e+01],
        [-2.7347e+01, -6.1454e+00, -5.8289e+00],
        [ 1.8349e+01,  8.0410e+00, -3.2716e+01],
        [-7.3911e+00,  2.8534e+01,  1.0520e+01],
        [ 9.6844e+00, -2.2643e+01,  8.6720e+00],
        [ 1.0818e+00, -6.7053e+00, -1.5291e+01],
        [-8.1115e+00,  1.4767e+01,  2.0705e+01],
        [ 6.6888e+00, -1.1380e+01, -1.2333e+01],
        [ 4.8973e+00,  1.3122e+01, -2.4819e+01],
        [ 3.7937e+00,  2.4881e+01,  5.1873e+00],
        [ 7.9354e+00, -2.2203e+01,  2.8580e+01],
        [ 3.3527e+01, -1.0337e+02,  4.6821e+01],
        [ 6.5549e+00, -5.2664e+00,  5.9316e+00],
        [-6.5992e+01,  1.0539e+02, -4.6146e+00],
        [ 3.2545e+01,  3.2898e+01,  3.6970e+01],
        [ 4.0489e+01, -6.3606e+01, -2.5354e+01],
        [ 1.7853e+01,  4.6183e+01, -4.4837e+01],
        [ 9.6689e+00,  5.1069e+00, -2.3777e+00],
        [ 8.9829e+00,  4.9513e+01,  5.2617e+01],
        [-3.8605e+01,  2.2224e+01, -1.3352e+01],
        [ 1.3708e+01, -3.1525e+01,  2.0850e+01],
        [-2.3492e+01, -5.5972e+01, -5.8195e+01],
        [ 4.0519e+00, -1.0937e+01,  7.0540e+00],
        [ 1.2052e+01,  8.4176e+00, -3.1343e+00],
        [-3.5913e+01,  4.2630e+01,  3.1225e+00],
        [ 1.5309e+00,  4.2920e+01, -2.7581e+01],
        [-5.8687e+00, -1.0595e+01,  1.7466e-01],
        [ 7.8475e-01, -2.1214e+01,  8.5818e+00],
        [-3.3053e+00, -3.3043e+01,  4.9876e+00],
        [ 5.9680e-01,  7.2021e+00,  1.1097e+00],
        [-1.7104e+01, -4.7574e+00, -3.7353e+01],
        [-1.3028e+00, -3.4622e+01,  1.6113e+01],
        [-4.3883e+00, -7.8744e-02,  1.4149e+01],
        [-7.9401e+00,  1.9137e+01, -1.3006e+01],
        [-1.1702e+01,  3.1790e+01, -4.4910e+01],
        [ 3.2306e+01, -1.6772e+01,  4.8563e+01],
        [-3.2678e+01, -7.2603e+00,  3.1433e+01],
        [-2.7882e+01,  5.1229e+01, -2.9909e+01],
        [ 1.0220e+01,  3.0522e+01, -3.5025e+01],
        [ 3.9565e+01, -1.4869e+01,  4.4845e+01],
        [-6.2473e+00,  2.3654e+01, -1.8066e+01],
        [ 9.5627e+00, -4.7683e+01,  3.6111e+01],
        [-3.5712e+01,  5.1662e+00, -8.4182e+01],
        [ 4.5038e+01, -2.2242e+01,  3.4971e+00],
        [-1.1089e+01, -1.1767e+01,  1.7480e+01],
        [ 1.0826e+01,  4.8796e-01,  1.6626e+01],
        [ 2.1785e+01, -3.0783e+01,  1.5459e+01],
        [ 1.9249e+01, -8.4756e+00, -1.7515e+01],
        [ 2.6272e+00, -1.5166e+00,  1.3726e+01],
        [-4.5587e+01,  2.4550e+01, -1.8313e+01],
        [ 1.1546e+01, -1.0555e+00,  9.1400e-01],
        [-1.8195e+01,  1.0588e+01,  2.0110e+00],
        [-1.7124e+01,  4.3274e+01, -7.6033e+01],
        [-2.7836e+01,  3.3733e+01, -3.2819e+01],
        [ 1.3614e+01, -2.7408e+01,  4.2673e+01],
        [ 1.0594e+01,  6.6571e+00,  2.9227e+01],
        [-1.2186e+01, -9.9889e+00, -5.3564e+01],
        [-4.2505e+01,  3.5266e+00,  2.6821e+01],
        [ 1.7709e+01, -1.4426e+01,  1.8981e+01],
        [-2.2830e+01,  3.8750e+01, -2.6230e+01],
        [-1.5684e+01, -7.5869e+01, -7.5775e+01],
        [ 6.9944e+00,  4.2972e+01, -4.8616e+01],
        [ 2.9076e+01, -5.9008e+01,  2.7689e+01],
        [ 4.9652e+01,  7.5805e+01,  9.1441e+01],
        [ 1.3212e+01, -1.5629e+01, -1.4855e+01],
        [-2.6112e+00, -1.8725e+01,  2.6419e+01],
        [ 2.2952e+01, -3.6628e+01,  1.3577e+01],
        [ 2.3302e+00,  2.8062e+00, -3.6675e+00],
        [ 9.9291e+00, -8.7586e+00,  1.7627e+00],
        [-1.9012e+01, -1.4934e-01, -2.3225e+00],
        [-1.7354e+01,  8.4856e+00, -4.9396e+00],
        [-4.5504e+00, -1.9760e+01,  6.1888e+01],
        [ 5.6307e+00,  3.0340e+01, -1.6595e+00]]), 'r_max': tensor([6., 6., 6., 6., 6.]), 'atom_types': tensor([[1],
        [1],
        [1],
        [1],
        [1],
        [1],
        [1],
        [2],
        [2],
        [2],
        [1],
        [1],
        [2],
        [0],
        [0],
        [0],
        [0],
        [0],
        [0],
        [0],
        [0],
        [1],
        [1],
        [1],
        [1],
        [1],
        [1],
        [1],
        [2],
        [2],
        [2],
        [1],
        [1],
        [2],
        [0],
        [0],
        [0],
        [0],
        [0],
        [0],
        [0],
        [0],
        [1],
        [1],
        [1],
        [1],
        [1],
        [1],
        [1],
        [2],
        [2],
        [2],
        [1],
        [1],
        [2],
        [0],
        [0],
        [0],
        [0],
        [0],
        [0],
        [0],
        [0],
        [1],
        [1],
        [1],
        [1],
        [1],
        [1],
        [1],
        [2],
        [2],
        [2],
        [1],
        [1],
        [2],
        [0],
        [0],
        [0],
        [0],
        [0],
        [0],
        [0],
        [0],
        [1],
        [1],
        [1],
        [1],
        [1],
        [1],
        [1],
        [2],
        [2],
        [2],
        [1],
        [1],
        [2],
        [0],
        [0],
        [0],
        [0],
        [0],
        [0],
        [0],
        [0]])}
























input datat to model:

{'edge_index': tensor([[  0,   0,   0,  ..., 104, 104, 104],
        [  9,   1,   2,  ..., 102,  93, 103]], device='cuda:0'), 'pos': tensor([[ 1.9870, -0.9721, -0.3673],
        [ 0.9022,  1.0964, -1.5637],
        [ 2.5249, -0.5562, -1.5650],
        [ 1.9450,  0.4937, -2.2328],
        [-3.0503,  1.8442,  0.2200],
        [ 0.9897, -0.3087,  0.3823],
        [ 0.3604,  0.7340, -0.3565],
        [ 0.6301, -2.3840,  1.5062],
        [-2.1294, -0.2790, -0.4796],
        [-0.5975, -0.5648,  2.1867],
        [ 0.3300, -1.2389,  1.4652],
        [-2.0361,  0.8749, -0.1113],
        [-0.6956,  1.4255,  0.1037],
        [-0.8974, -1.2703,  2.7826],
        [ 2.4356, -1.8267,  0.1516],
        [ 0.3541,  1.8896, -2.1585],
        [ 3.2519, -1.1618, -2.0995],
        [ 2.1628,  1.0117, -3.1316],
        [-2.9862,  2.8013, -0.2633],
        [-4.0048,  1.5651, -0.1387],
        [-3.0643,  2.1723,  1.3748],
        [ 1.7277, -1.4007, -0.5872],
        [ 0.9816,  1.2548, -1.4786],
        [ 2.3004, -0.7997, -1.6647],
        [ 1.9645,  0.4884, -2.1416],
        [-2.8580,  2.0709,  0.6530],
        [ 0.8762, -0.6182,  0.2585],
        [ 0.4388,  0.5752, -0.3619],
        [ 1.1160, -1.5567,  2.4027],
        [-2.2565,  0.4487, -1.1062],
        [-0.9339, -1.5579,  1.5908],
        [ 0.3715, -1.3121,  1.4690],
        [-2.0258,  1.2083, -0.2007],
        [-0.6106,  1.3186,  0.2885],
        [-1.1257, -1.8506,  2.5313],
        [ 2.0010, -2.4852, -0.4158],
        [ 0.5630,  2.2378, -1.8234],
        [ 3.1178, -1.3302, -2.1381],
        [ 2.4345,  0.7037, -3.1363],
        [-2.7885,  1.7639,  1.7269],
        [-2.6748,  3.1321,  0.7852],
        [-3.8834,  1.7473,  0.3390],
        [ 1.8741, -1.2076, -0.3733],
        [ 1.1878,  1.4154, -1.1876],
        [ 2.6722, -0.5716, -1.3261],
        [ 2.3905,  0.7196, -1.6982],
        [-3.0944,  1.7671,  0.3529],
        [ 0.7429, -0.5206,  0.2909],
        [ 0.3928,  0.7207, -0.1856],
        [-1.2342, -1.2105,  1.5214],
        [-1.9637,  0.2813, -1.2091],
        [ 0.7353, -2.3393,  1.8475],
        [-0.0577, -1.3225,  1.2601],
        [-1.8845,  1.1058, -0.2789],
        [-0.6978,  1.4680,  0.2904],
        [ 0.0572, -2.8928,  2.2979],
        [ 2.3041, -2.2636, -0.1182],
        [ 0.9102,  2.4291, -1.1464],
        [ 3.6107, -0.9937, -1.7013],
        [ 2.9830,  1.3702, -2.3884],
        [-3.1632,  2.8630,  0.0101],
        [-3.9823,  1.1582,  0.1256],
        [-2.8513,  1.8264,  1.4901],
        [ 2.1724, -1.1091, -0.2874],
        [ 0.6844,  0.8376, -1.6976],
        [ 2.6860, -0.6143, -1.4454],
        [ 1.9217,  0.3171, -2.1448],
        [-2.8327,  1.8635,  0.8523],
        [ 0.9807, -0.6409,  0.2304],
        [ 0.2556,  0.3381, -0.4330],
        [ 0.9908, -2.1530,  2.1632],
        [-2.4691,  1.2274, -1.3833],
        [-0.8243, -0.9993,  1.8066],
        [ 0.4377, -1.2938,  1.4611],
        [-2.0352,  1.2622, -0.2203],
        [-0.8203,  0.9713,  0.2407],
        [-0.8848, -1.5133,  2.6096],
        [ 2.5770, -2.0286,  0.1184],
        [ 0.0819,  1.6477, -2.2371],
        [ 3.6512, -0.9384, -1.7571],
        [ 2.2444,  0.6505, -3.1570],
        [-3.8397,  1.8312,  0.5713],
        [-2.8148,  1.2518,  1.7711],
        [-2.3008,  2.7985,  1.0850],
        [ 1.8677, -1.1708, -0.4586],
        [ 0.8691,  1.1765, -1.4527],
        [ 2.1450, -0.7607, -1.8329],
        [ 1.7496,  0.4770, -2.3024],
        [-3.0363,  1.9033,  0.3895],
        [ 0.9295, -0.4551,  0.2745],
        [ 0.2607,  0.6580, -0.3233],
        [ 1.4452, -1.8718,  2.1439],
        [-2.2911,  0.1425, -1.0847],
        [-0.6289, -1.1210,  2.2028],
        [ 0.6103, -1.1081,  1.6163],
        [-2.1089,  0.9907, -0.3315],
        [-0.8333,  1.3160,  0.2446],
        [-0.4973, -1.8749,  2.7633],
        [ 2.2062, -2.0683, -0.0462],
        [ 0.4578,  2.1409, -1.7712],
        [ 2.7480, -1.3795, -2.4888],
        [ 2.3067,  0.9197, -3.1443],
        [-4.0003,  1.8115, -0.0887],
        [-3.0984,  1.5485,  1.3594],
        [-2.6249,  2.8838,  0.4052]], device='cuda:0'), 'batch': tensor([0, 0, 0, 0, 0, 0, 0, 0, 0, 0, 0, 0, 0, 0, 0, 0, 0, 0, 0, 0, 0, 1, 1, 1,
        1, 1, 1, 1, 1, 1, 1, 1, 1, 1, 1, 1, 1, 1, 1, 1, 1, 1, 2, 2, 2, 2, 2, 2,
        2, 2, 2, 2, 2, 2, 2, 2, 2, 2, 2, 2, 2, 2, 2, 3, 3, 3, 3, 3, 3, 3, 3, 3,
        3, 3, 3, 3, 3, 3, 3, 3, 3, 3, 3, 3, 4, 4, 4, 4, 4, 4, 4, 4, 4, 4, 4, 4,
        4, 4, 4, 4, 4, 4, 4, 4, 4], device='cuda:0'), 'ptr': tensor([  0,  21,  42,  63,  84, 105], device='cuda:0'), 'edge_cell_shift': tensor([[0., 0., 0.],
        [0., 0., 0.],
        [0., 0., 0.],
        ...,
        [0., 0., 0.],
        [0., 0., 0.],
        [0., 0., 0.]], device='cuda:0'), 'pbc': tensor([[False, False, False],
        [False, False, False],
        [False, False, False],
        [False, False, False],
        [False, False, False]], device='cuda:0'), 'cell': tensor([[[0., 0., 0.],
         [0., 0., 0.],
         [0., 0., 0.]],

        [[0., 0., 0.],
         [0., 0., 0.],
         [0., 0., 0.]],

        [[0., 0., 0.],
         [0., 0., 0.],
         [0., 0., 0.]],

        [[0., 0., 0.],
         [0., 0., 0.],
         [0., 0., 0.]],

        [[0., 0., 0.],
         [0., 0., 0.],
         [0., 0., 0.]]], device='cuda:0'), 'r_max': tensor([6., 6., 6., 6., 6.], device='cuda:0'), 'atom_types': tensor([[1],
        [1],
        [1],
        [1],
        [1],
        [1],
        [1],
        [2],
        [2],
        [2],
        [1],
        [1],
        [2],
        [0],
        [0],
        [0],
        [0],
        [0],
        [0],
        [0],
        [0],
        [1],
        [1],
        [1],
        [1],
        [1],
        [1],
        [1],
        [2],
        [2],
        [2],
        [1],
        [1],
        [2],
        [0],
        [0],
        [0],
        [0],
        [0],
        [0],
        [0],
        [0],
        [1],
        [1],
        [1],
        [1],
        [1],
        [1],
        [1],
        [2],
        [2],
        [2],
        [1],
        [1],
        [2],
        [0],
        [0],
        [0],
        [0],
        [0],
        [0],
        [0],
        [0],
        [1],
        [1],
        [1],
        [1],
        [1],
        [1],
        [1],
        [2],
        [2],
        [2],
        [1],
        [1],
        [2],
        [0],
        [0],
        [0],
        [0],
        [0],
        [0],
        [0],
        [0],
        [1],
        [1],
        [1],
        [1],
        [1],
        [1],
        [1],
        [2],
        [2],
        [2],
        [1],
        [1],
        [2],
        [0],
        [0],
        [0],
        [0],
        [0],
        [0],
        [0],
        [0]], device='cuda:0')}

















output of model on the batch:


{'edge_index': tensor([[  0,   0,   0,  ..., 104, 104, 104],
        [  9,   1,   2,  ..., 102,  93, 103]], device='cuda:0'), 'pos': tensor([[ 1.9870, -0.9721, -0.3673],
        [ 0.9022,  1.0964, -1.5637],
        [ 2.5249, -0.5562, -1.5650],
        [ 1.9450,  0.4937, -2.2328],
        [-3.0503,  1.8442,  0.2200],
        [ 0.9897, -0.3087,  0.3823],
        [ 0.3604,  0.7340, -0.3565],
        [ 0.6301, -2.3840,  1.5062],
        [-2.1294, -0.2790, -0.4796],
        [-0.5975, -0.5648,  2.1867],
        [ 0.3300, -1.2389,  1.4652],
        [-2.0361,  0.8749, -0.1113],
        [-0.6956,  1.4255,  0.1037],
        [-0.8974, -1.2703,  2.7826],
        [ 2.4356, -1.8267,  0.1516],
        [ 0.3541,  1.8896, -2.1585],
        [ 3.2519, -1.1618, -2.0995],
        [ 2.1628,  1.0117, -3.1316],
        [-2.9862,  2.8013, -0.2633],
        [-4.0048,  1.5651, -0.1387],
        [-3.0643,  2.1723,  1.3748],
        [ 1.7277, -1.4007, -0.5872],
        [ 0.9816,  1.2548, -1.4786],
        [ 2.3004, -0.7997, -1.6647],
        [ 1.9645,  0.4884, -2.1416],
        [-2.8580,  2.0709,  0.6530],
        [ 0.8762, -0.6182,  0.2585],
        [ 0.4388,  0.5752, -0.3619],
        [ 1.1160, -1.5567,  2.4027],
        [-2.2565,  0.4487, -1.1062],
        [-0.9339, -1.5579,  1.5908],
        [ 0.3715, -1.3121,  1.4690],
        [-2.0258,  1.2083, -0.2007],
        [-0.6106,  1.3186,  0.2885],
        [-1.1257, -1.8506,  2.5313],
        [ 2.0010, -2.4852, -0.4158],
        [ 0.5630,  2.2378, -1.8234],
        [ 3.1178, -1.3302, -2.1381],
        [ 2.4345,  0.7037, -3.1363],
        [-2.7885,  1.7639,  1.7269],
        [-2.6748,  3.1321,  0.7852],
        [-3.8834,  1.7473,  0.3390],
        [ 1.8741, -1.2076, -0.3733],
        [ 1.1878,  1.4154, -1.1876],
        [ 2.6722, -0.5716, -1.3261],
        [ 2.3905,  0.7196, -1.6982],
        [-3.0944,  1.7671,  0.3529],
        [ 0.7429, -0.5206,  0.2909],
        [ 0.3928,  0.7207, -0.1856],
        [-1.2342, -1.2105,  1.5214],
        [-1.9637,  0.2813, -1.2091],
        [ 0.7353, -2.3393,  1.8475],
        [-0.0577, -1.3225,  1.2601],
        [-1.8845,  1.1058, -0.2789],
        [-0.6978,  1.4680,  0.2904],
        [ 0.0572, -2.8928,  2.2979],
        [ 2.3041, -2.2636, -0.1182],
        [ 0.9102,  2.4291, -1.1464],
        [ 3.6107, -0.9937, -1.7013],
        [ 2.9830,  1.3702, -2.3884],
        [-3.1632,  2.8630,  0.0101],
        [-3.9823,  1.1582,  0.1256],
        [-2.8513,  1.8264,  1.4901],
        [ 2.1724, -1.1091, -0.2874],
        [ 0.6844,  0.8376, -1.6976],
        [ 2.6860, -0.6143, -1.4454],
        [ 1.9217,  0.3171, -2.1448],
        [-2.8327,  1.8635,  0.8523],
        [ 0.9807, -0.6409,  0.2304],
        [ 0.2556,  0.3381, -0.4330],
        [ 0.9908, -2.1530,  2.1632],
        [-2.4691,  1.2274, -1.3833],
        [-0.8243, -0.9993,  1.8066],
        [ 0.4377, -1.2938,  1.4611],
        [-2.0352,  1.2622, -0.2203],
        [-0.8203,  0.9713,  0.2407],
        [-0.8848, -1.5133,  2.6096],
        [ 2.5770, -2.0286,  0.1184],
        [ 0.0819,  1.6477, -2.2371],
        [ 3.6512, -0.9384, -1.7571],
        [ 2.2444,  0.6505, -3.1570],
        [-3.8397,  1.8312,  0.5713],
        [-2.8148,  1.2518,  1.7711],
        [-2.3008,  2.7985,  1.0850],
        [ 1.8677, -1.1708, -0.4586],
        [ 0.8691,  1.1765, -1.4527],
        [ 2.1450, -0.7607, -1.8329],
        [ 1.7496,  0.4770, -2.3024],
        [-3.0363,  1.9033,  0.3895],
        [ 0.9295, -0.4551,  0.2745],
        [ 0.2607,  0.6580, -0.3233],
        [ 1.4452, -1.8718,  2.1439],
        [-2.2911,  0.1425, -1.0847],
        [-0.6289, -1.1210,  2.2028],
        [ 0.6103, -1.1081,  1.6163],
        [-2.1089,  0.9907, -0.3315],
        [-0.8333,  1.3160,  0.2446],
        [-0.4973, -1.8749,  2.7633],
        [ 2.2062, -2.0683, -0.0462],
        [ 0.4578,  2.1409, -1.7712],
        [ 2.7480, -1.3795, -2.4888],
        [ 2.3067,  0.9197, -3.1443],
        [-4.0003,  1.8115, -0.0887],
        [-3.0984,  1.5485,  1.3594],
        [-2.6249,  2.8838,  0.4052]], device='cuda:0'), 'batch': tensor([0, 0, 0, 0, 0, 0, 0, 0, 0, 0, 0, 0, 0, 0, 0, 0, 0, 0, 0, 0, 0, 1, 1, 1,
        1, 1, 1, 1, 1, 1, 1, 1, 1, 1, 1, 1, 1, 1, 1, 1, 1, 1, 2, 2, 2, 2, 2, 2,
        2, 2, 2, 2, 2, 2, 2, 2, 2, 2, 2, 2, 2, 2, 2, 3, 3, 3, 3, 3, 3, 3, 3, 3,
        3, 3, 3, 3, 3, 3, 3, 3, 3, 3, 3, 3, 4, 4, 4, 4, 4, 4, 4, 4, 4, 4, 4, 4,
        4, 4, 4, 4, 4, 4, 4, 4, 4], device='cuda:0'), 'ptr': tensor([  0,  21,  42,  63,  84, 105], device='cuda:0'), 'edge_cell_shift': tensor([[0., 0., 0.],
        [0., 0., 0.],
        [0., 0., 0.],
        ...,
        [0., 0., 0.],
        [0., 0., 0.],
        [0., 0., 0.]], device='cuda:0'), 'pbc': tensor([[False, False, False],
        [False, False, False],
        [False, False, False],
        [False, False, False],
        [False, False, False]], device='cuda:0'), 'cell': tensor([[[0., 0., 0.],
         [0., 0., 0.],
         [0., 0., 0.]],

        [[0., 0., 0.],
         [0., 0., 0.],
         [0., 0., 0.]],

        [[0., 0., 0.],
         [0., 0., 0.],
         [0., 0., 0.]],

        [[0., 0., 0.],
         [0., 0., 0.],
         [0., 0., 0.]],

        [[0., 0., 0.],
         [0., 0., 0.],
         [0., 0., 0.]]], device='cuda:0'), 'r_max': tensor([6., 6., 6., 6., 6.], device='cuda:0'), 'atom_types': tensor([[1],
        [1],
        [1],
        [1],
        [1],
        [1],
        [1],
        [2],
        [2],
        [2],
        [1],
        [1],
        [2],
        [0],
        [0],
        [0],
        [0],
        [0],
        [0],
        [0],
        [0],
        [1],
        [1],
        [1],
        [1],
        [1],
        [1],
        [1],
        [2],
        [2],
        [2],
        [1],
        [1],
        [2],
        [0],
        [0],
        [0],
        [0],
        [0],
        [0],
        [0],
        [0],
        [1],
        [1],
        [1],
        [1],
        [1],
        [1],
        [1],
        [2],
        [2],
        [2],
        [1],
        [1],
        [2],
        [0],
        [0],
        [0],
        [0],
        [0],
        [0],
        [0],
        [0],
        [1],
        [1],
        [1],
        [1],
        [1],
        [1],
        [1],
        [2],
        [2],
        [2],
        [1],
        [1],
        [2],
        [0],
        [0],
        [0],
        [0],
        [0],
        [0],
        [0],
        [0],
        [1],
        [1],
        [1],
        [1],
        [1],
        [1],
        [1],
        [2],
        [2],
        [2],
        [1],
        [1],
        [2],
        [0],
        [0],
        [0],
        [0],
        [0],
        [0],
        [0],
        [0]], device='cuda:0'), 'node_attrs': tensor([[0., 1., 0.],
        [0., 1., 0.],
        [0., 1., 0.],
        [0., 1., 0.],
        [0., 1., 0.],
        [0., 1., 0.],
        [0., 1., 0.],
        [0., 0., 1.],
        [0., 0., 1.],
        [0., 0., 1.],
        [0., 1., 0.],
        [0., 1., 0.],
        [0., 0., 1.],
        [1., 0., 0.],
        [1., 0., 0.],
        [1., 0., 0.],
        [1., 0., 0.],
        [1., 0., 0.],
        [1., 0., 0.],
        [1., 0., 0.],
        [1., 0., 0.],
        [0., 1., 0.],
        [0., 1., 0.],
        [0., 1., 0.],
        [0., 1., 0.],
        [0., 1., 0.],
        [0., 1., 0.],
        [0., 1., 0.],
        [0., 0., 1.],
        [0., 0., 1.],
        [0., 0., 1.],
        [0., 1., 0.],
        [0., 1., 0.],
        [0., 0., 1.],
        [1., 0., 0.],
        [1., 0., 0.],
        [1., 0., 0.],
        [1., 0., 0.],
        [1., 0., 0.],
        [1., 0., 0.],
        [1., 0., 0.],
        [1., 0., 0.],
        [0., 1., 0.],
        [0., 1., 0.],
        [0., 1., 0.],
        [0., 1., 0.],
        [0., 1., 0.],
        [0., 1., 0.],
        [0., 1., 0.],
        [0., 0., 1.],
        [0., 0., 1.],
        [0., 0., 1.],
        [0., 1., 0.],
        [0., 1., 0.],
        [0., 0., 1.],
        [1., 0., 0.],
        [1., 0., 0.],
        [1., 0., 0.],
        [1., 0., 0.],
        [1., 0., 0.],
        [1., 0., 0.],
        [1., 0., 0.],
        [1., 0., 0.],
        [0., 1., 0.],
        [0., 1., 0.],
        [0., 1., 0.],
        [0., 1., 0.],
        [0., 1., 0.],
        [0., 1., 0.],
        [0., 1., 0.],
        [0., 0., 1.],
        [0., 0., 1.],
        [0., 0., 1.],
        [0., 1., 0.],
        [0., 1., 0.],
        [0., 0., 1.],
        [1., 0., 0.],
        [1., 0., 0.],
        [1., 0., 0.],
        [1., 0., 0.],
        [1., 0., 0.],
        [1., 0., 0.],
        [1., 0., 0.],
        [1., 0., 0.],
        [0., 1., 0.],
        [0., 1., 0.],
        [0., 1., 0.],
        [0., 1., 0.],
        [0., 1., 0.],
        [0., 1., 0.],
        [0., 1., 0.],
        [0., 0., 1.],
        [0., 0., 1.],
        [0., 0., 1.],
        [0., 1., 0.],
        [0., 1., 0.],
        [0., 0., 1.],
        [1., 0., 0.],
        [1., 0., 0.],
        [1., 0., 0.],
        [1., 0., 0.],
        [1., 0., 0.],
        [1., 0., 0.],
        [1., 0., 0.],
        [1., 0., 0.]], device='cuda:0'), 'node_features': tensor([[0., 1., 0.],
        [0., 1., 0.],
        [0., 1., 0.],
        [0., 1., 0.],
        [0., 1., 0.],
        [0., 1., 0.],
        [0., 1., 0.],
        [0., 0., 1.],
        [0., 0., 1.],
        [0., 0., 1.],
        [0., 1., 0.],
        [0., 1., 0.],
        [0., 0., 1.],
        [1., 0., 0.],
        [1., 0., 0.],
        [1., 0., 0.],
        [1., 0., 0.],
        [1., 0., 0.],
        [1., 0., 0.],
        [1., 0., 0.],
        [1., 0., 0.],
        [0., 1., 0.],
        [0., 1., 0.],
        [0., 1., 0.],
        [0., 1., 0.],
        [0., 1., 0.],
        [0., 1., 0.],
        [0., 1., 0.],
        [0., 0., 1.],
        [0., 0., 1.],
        [0., 0., 1.],
        [0., 1., 0.],
        [0., 1., 0.],
        [0., 0., 1.],
        [1., 0., 0.],
        [1., 0., 0.],
        [1., 0., 0.],
        [1., 0., 0.],
        [1., 0., 0.],
        [1., 0., 0.],
        [1., 0., 0.],
        [1., 0., 0.],
        [0., 1., 0.],
        [0., 1., 0.],
        [0., 1., 0.],
        [0., 1., 0.],
        [0., 1., 0.],
        [0., 1., 0.],
        [0., 1., 0.],
        [0., 0., 1.],
        [0., 0., 1.],
        [0., 0., 1.],
        [0., 1., 0.],
        [0., 1., 0.],
        [0., 0., 1.],
        [1., 0., 0.],
        [1., 0., 0.],
        [1., 0., 0.],
        [1., 0., 0.],
        [1., 0., 0.],
        [1., 0., 0.],
        [1., 0., 0.],
        [1., 0., 0.],
        [0., 1., 0.],
        [0., 1., 0.],
        [0., 1., 0.],
        [0., 1., 0.],
        [0., 1., 0.],
        [0., 1., 0.],
        [0., 1., 0.],
        [0., 0., 1.],
        [0., 0., 1.],
        [0., 0., 1.],
        [0., 1., 0.],
        [0., 1., 0.],
        [0., 0., 1.],
        [1., 0., 0.],
        [1., 0., 0.],
        [1., 0., 0.],
        [1., 0., 0.],
        [1., 0., 0.],
        [1., 0., 0.],
        [1., 0., 0.],
        [1., 0., 0.],
        [0., 1., 0.],
        [0., 1., 0.],
        [0., 1., 0.],
        [0., 1., 0.],
        [0., 1., 0.],
        [0., 1., 0.],
        [0., 1., 0.],
        [0., 0., 1.],
        [0., 0., 1.],
        [0., 0., 1.],
        [0., 1., 0.],
        [0., 1., 0.],
        [0., 0., 1.],
        [1., 0., 0.],
        [1., 0., 0.],
        [1., 0., 0.],
        [1., 0., 0.],
        [1., 0., 0.],
        [1., 0., 0.],
        [1., 0., 0.],
        [1., 0., 0.]], device='cuda:0'), 'edge_vectors': tensor([[-2.5845,  0.4073,  2.5540],
        [-1.0848,  2.0685, -1.1964],
        [ 0.5379,  0.4159, -1.1978],
        ...,
        [-1.3754, -1.0724, -0.4939],
        [ 1.9961, -4.0049,  1.7976],
        [-0.4735, -1.3353,  0.9541]], device='cuda:0', grad_fn=<AddBackward0>), 'edge_lengths': tensor([3.6563, 2.6243, 1.3773,  ..., 1.8126, 4.8223, 1.7081], device='cuda:0',
       grad_fn=<CopyBackwards>), 'edge_embedding': tensor([[-0.2011, -0.6022, -0.4934,  ..., -0.3806, -0.0471, -0.0990],
        [ 0.3559, -0.1840, -0.9724,  ...,  0.1067, -0.3383, -0.5820],
        [ 1.0090,  1.0670,  0.5706,  ..., -1.0702, -1.0194, -0.6052],
        ...,
        [ 0.8188,  0.6253, -0.2079,  ..., -0.6405, -0.0786,  0.2729],
        [-0.2179, -0.1862, -0.0275,  ..., -0.0323, -0.0961, -0.0101],
        [ 0.8688,  0.7352, -0.0347,  ..., -0.8247, -0.2996,  0.1903]],
       device='cuda:0', grad_fn=<MulBackward0>), 'edge_attrs': tensor([[ 1.0000, -1.2243,  0.1929,  ..., -1.0764,  0.3014, -0.0227],
        [ 1.0000, -0.7160,  1.3652,  ...,  0.9658, -1.3917,  0.0716],
        [ 1.0000,  0.6764,  0.5230,  ..., -0.8122, -1.0171,  1.1693],
        ...,
        [ 1.0000, -1.3142, -1.0247,  ...,  0.0559,  0.6244, -0.9711],
        [ 1.0000,  0.7169, -1.4384,  ...,  1.1953, -1.1990, -0.0627],
        [ 1.0000, -0.4802, -1.3540,  ...,  0.9317, -1.6912,  0.4554]],
       device='cuda:0', grad_fn=<MulBackward0>), 'edge_features': tensor([[ 0.0798,  0.1723,  0.0339,  ..., -0.0795, -0.2805,  0.0798],
        [ 0.4192,  0.2342, -0.0203,  ...,  0.3733, -0.3165,  0.3748],
        [-0.0676,  0.1318, -0.2598,  ...,  0.9660,  0.3277, -0.5357],
        ...,
        [ 0.0970,  0.3791,  0.0039,  ...,  0.0027,  0.1746, -0.3437],
        [ 0.0031,  0.0025, -0.0149,  ..., -0.0231, -0.0123, -0.0481],
        [ 0.0783,  0.4285,  0.0479,  ...,  0.0564,  0.2577, -0.4111]],
       device='cuda:0', grad_fn=<IndexAddBackward0>), 'edge_energy': tensor([[ 0.0643],
        [ 0.0597],
        [-0.6115],
        ...,
        [-0.6445],
        [-0.0679],
        [-0.7294]], device='cuda:0', grad_fn=<MmBackward0>), 'atomic_energy': tensor([[-19327.9258],
        [-19330.5312],
        [-19329.2422],
        [-19328.6660],
        [-19329.0938],
        [-19332.9238],
        [-19328.9609],
        [-19335.2422],
        [-19335.2500],
        [-19337.0117],
        [-19325.8379],
        [-19328.0508],
        [-19344.5020],
        [-19339.3965],
        [-19351.2598],
        [-19350.7266],
        [-19343.7266],
        [-19343.9551],
        [-19350.5137],
        [-19349.6172],
        [-19351.4961],
        [-19327.9551],
        [-19328.6133],
        [-19329.4062],
        [-19329.0586],
        [-19329.7461],
        [-19333.2051],
        [-19327.9316],
        [-19334.3828],
        [-19335.2188],
        [-19337.6074],
        [-19327.8906],
        [-19327.5352],
        [-19342.5137],
        [-19339.3516],
        [-19346.8750],
        [-19347.7344],
        [-19344.5000],
        [-19343.5625],
        [-19352.9941],
        [-19348.2559],
        [-19350.7930],
        [-19327.7578],
        [-19326.0664],
        [-19329.2910],
        [-19328.6660],
        [-19330.0762],
        [-19333.1348],
        [-19329.2188],
        [-19335.0254],
        [-19334.4941],
        [-19335.3652],
        [-19326.9082],
        [-19328.4570],
        [-19344.5566],
        [-19336.6895],
        [-19349.5391],
        [-19348.5332],
        [-19343.6914],
        [-19343.0762],
        [-19349.4727],
        [-19349.3242],
        [-19352.4375],
        [-19327.6543],
        [-19329.2207],
        [-19328.6445],
        [-19329.3223],
        [-19328.0977],
        [-19335.1914],
        [-19328.0098],
        [-19334.3359],
        [-19333.9590],
        [-19339.1328],
        [-19328.9785],
        [-19329.3438],
        [-19346.5840],
        [-19340.3320],
        [-19349.3496],
        [-19351.2812],
        [-19343.3320],
        [-19343.7324],
        [-19350.6699],
        [-19355.0391],
        [-19353.4766],
        [-19325.7559],
        [-19328.5859],
        [-19328.6426],
        [-19329.0352],
        [-19326.5391],
        [-19333.1270],
        [-19328.0234],
        [-19335.0605],
        [-19334.7832],
        [-19336.4004],
        [-19328.1465],
        [-19328.0020],
        [-19344.5723],
        [-19338.6133],
        [-19349.2773],
        [-19349.3457],
        [-19343.2969],
        [-19343.3008],
        [-19349.7051],
        [-19353.1270],
        [-19351.1895]], device='cuda:0', grad_fn=<MulBackward0>), 'total_energy': tensor([[-406093.9375],
        [-406085.0938],
        [-406081.7812],
        [-406105.6562],
        [-406084.5938]], device='cuda:0', grad_fn=<MulBackward0>), 'forces': tensor([[-2.0703e+01,  4.9825e+01, -3.2920e+01],
        [ 2.8980e+01, -4.0559e+01,  2.4347e+01],
        [-4.9348e+01,  3.7745e+01,  3.0209e+01],
        [-1.8520e+01, -3.3810e+01,  6.4557e+01],
        [ 5.4381e+01, -4.7210e+01,  1.2865e+01],
        [-7.6944e+00, -9.5438e+00, -9.7051e+00],
        [ 1.5799e+01, -1.0734e+01, -1.1160e+01],
        [ 7.7636e+00, -1.0345e+01, -3.1401e+00],
        [ 3.5835e+00,  5.0344e-01,  2.8445e+00],
        [ 2.4491e+01,  4.1310e+01, -5.3597e+01],
        [-8.8112e+00,  3.8138e+01, -2.1594e+00],
        [-8.4150e+00,  5.1129e+01,  1.3888e+01],
        [-1.9405e+01, -1.6532e+01, -8.0609e+00],
        [-6.0697e+00, -4.2730e+01,  2.1574e+01],
        [ 2.0057e+00, -1.7689e+01,  1.3295e+01],
        [-9.0260e+00,  6.9500e+00, -5.2025e+00],
        [ 1.4288e+01, -1.6312e+01, -1.0288e+01],
        [-7.3391e-01,  1.8625e+01, -2.2898e+01],
        [ 7.3497e-01,  8.6211e+00, -5.7263e+00],
        [-8.9185e+00, -5.0894e+00, -9.5420e+00],
        [ 5.6193e+00, -2.2933e+00, -9.1816e+00],
        [-9.7814e+00,  5.6734e+01, -1.0958e+01],
        [ 2.0506e+01, -5.8864e+01,  2.0004e+01],
        [-5.0310e+01,  3.6901e+01,  2.4627e+01],
        [-2.6029e+01, -2.0108e+01,  5.6131e+01],
        [ 3.7221e+01, -3.6880e+01, -4.2479e+01],
        [-5.6869e-01, -9.1975e+00, -1.9559e+00],
        [ 7.9632e+00, -7.6582e-01, -1.1422e+01],
        [ 2.1247e+00, -1.7492e+00,  2.0033e-01],
        [-3.4678e-01,  2.2154e-01, -4.1479e+00],
        [ 2.2841e+01,  2.1267e+01, -5.2913e+01],
        [-1.2609e+01,  8.0963e+00, -2.3926e+01],
        [-3.4157e+00,  4.0098e+01,  4.1711e+01],
        [-1.5462e+01, -9.8928e+00, -1.8446e+01],
        [ 2.9960e+00, -1.0159e+01,  4.1819e+01],
        [ 4.2759e+00, -1.3626e+01,  2.8566e+00],
        [-1.4428e+01,  1.4734e+01, -1.6790e+00],
        [ 1.6406e+01, -1.2359e+01, -7.9086e+00],
        [ 7.8101e+00, -5.8835e-01, -1.6766e+01],
        [ 5.7146e+00, -2.7083e+00,  4.2345e+00],
        [ 6.9700e+00,  1.0861e+01,  6.0583e+00],
        [-1.8782e+00, -1.2014e+01, -5.0411e+00],
        [-8.7176e+00,  4.7027e+01, -1.4040e+01],
        [ 1.9289e+01, -7.2695e+01,  7.0222e+00],
        [-5.6112e+01,  2.6410e+01,  2.4820e+01],
        [-3.6537e+01, -3.3702e+01,  4.1647e+01],
        [ 4.6527e+01, -1.6522e+01, -1.9669e+01],
        [-2.1930e+00, -8.5957e+00, -2.0903e+00],
        [ 1.0238e+01,  4.8794e+00, -1.4127e+01],
        [-5.8684e+00,  6.9492e+00, -2.3365e+00],
        [ 3.1782e+00,  1.7067e+00,  8.7193e+00],
        [ 2.9746e+01,  4.9613e+01, -4.2415e+01],
        [ 3.8723e+01, -9.6468e+00, -5.7340e+00],
        [-1.4761e+01,  2.6111e+01,  3.1460e+01],
        [-7.9252e+00, -1.7959e+01, -1.2594e+01],
        [-3.8712e+01, -1.1891e+01,  9.9223e+00],
        [ 2.5523e-01, -7.7333e+00,  6.3867e+00],
        [-1.5011e+01,  2.6082e+01,  9.3229e+00],
        [ 1.9602e+01, -1.0022e+01, -5.0860e+00],
        [ 8.8794e+00,  1.3354e+01, -1.2000e+01],
        [ 6.0822e+00,  3.1876e+00, -2.3682e+00],
        [-6.0685e+00, -1.4023e+01, -6.8456e+00],
        [ 9.3842e+00, -2.5309e+00,  5.5101e-03],
        [-2.1516e+01,  5.3192e+01, -3.1382e+01],
        [ 3.1301e+01, -4.0905e+01,  2.9226e+01],
        [-6.5692e+01,  2.2895e+01,  1.7599e+01],
        [-2.0013e+01, -2.0700e+01,  5.9077e+01],
        [ 3.9515e+01, -1.9582e+01, -4.7826e+01],
        [-7.5191e-01, -6.2550e+00,  4.6360e+00],
        [ 1.0314e+01,  7.0611e-01, -1.3381e+01],
        [ 3.1819e+00, -1.6748e+00, -2.6395e+00],
        [ 5.5543e+00,  2.1133e+00,  7.4056e+00],
        [ 1.3497e+01,  3.7662e+01, -5.9496e+01],
        [-1.0980e+01,  1.7874e+01, -1.6040e+01],
        [-1.0735e+01,  1.7421e+01,  4.2541e+01],
        [-7.2593e+00, -5.1102e+00, -7.5008e+00],
        [ 7.0073e+00, -2.4194e+01,  3.5137e+01],
        [ 5.8800e+00, -2.1624e+01,  1.1007e+01],
        [-1.4840e+01,  8.6606e+00, -1.2426e+00],
        [ 2.3640e+01, -1.0624e+01, -4.9361e+00],
        [ 2.5489e+00,  6.9724e+00, -1.7519e+01],
        [-1.3003e+01, -8.4054e+00, -9.8769e+00],
        [ 8.7335e+00, -1.3951e+01,  4.2136e+00],
        [ 1.3616e+01,  5.5304e+00,  9.9628e-01],
        [-2.0959e+01,  6.1643e+01, -3.9487e+01],
        [ 2.2997e+01, -6.0698e+01,  1.5541e+01],
        [-3.8231e+01,  4.1435e+01,  4.4856e+01],
        [-2.8305e+01, -2.7292e+01,  5.4853e+01],
        [ 4.0451e+01, -3.8815e+01, -3.8459e+01],
        [-2.1217e-01, -6.0583e+00,  2.0696e-01],
        [ 1.1787e+01, -4.1182e+00, -1.0983e+01],
        [ 5.1217e-01, -1.4650e+00, -8.3912e+00],
        [-2.1169e+00, -8.7277e+00, -9.2656e+00],
        [ 5.0877e+00,  4.8743e+01, -4.1499e+01],
        [-1.4247e+01,  9.3130e+00, -1.2452e+01],
        [-5.1944e+00,  5.5405e+01,  4.4323e+01],
        [-1.6884e+01, -1.0537e+01, -1.5977e+01],
        [ 1.8440e+01, -3.7287e+01,  2.1216e+01],
        [ 3.3543e+00, -2.5512e+01,  1.9363e+01],
        [-1.5385e+01,  1.6513e+01, -1.9748e+00],
        [ 1.3869e+01, -1.2813e+01, -1.3804e+01],
        [ 1.1480e+01,  8.0711e+00, -1.5796e+01],
        [-7.7564e+00, -7.9377e+00, -9.4311e+00],
        [ 6.6457e+00, -1.0317e+01,  1.5732e+01],
        [ 1.4666e+01,  1.0457e+01,  1.4286e+00]], device='cuda:0')}